356310
345209
955102
126783
996629
515600
783039
636777
437063
955433
515861
357133
991223
809904
646820
661494
778819
968274
670988
584391
448708
256893
516309
791604
211113
998352
721707
917782
865297
809801
256411
640115
135453
227890
320852
936633
774675
588555
209411
496080
483706
858943
847440
376334
284451
689434
435080
700251
522875
202788
815122
723850
906726
528143
912948
735110
879947
373941
223904
659276
679862
623570
951012
586075
674832
406866
758867
173504
234051
425940
897134
979275
723396
314335
792933
239186
291928
100938
909489
643412
219749
861074
699631
603740
719893
293836
768567
901883
758548
652821
717740
678893
237464
847665
262021
493222
146594
648446
428697
899303