999289
999137
997008
996854
992046
991067
990438
990257
990234
989763
986243
982200
979644
975828
974313
974058
973680
973252
969070
964489
963038
961403
960808
959982
957751
953969
951919
951830
951044
949688
947616
946626
945755
945654
944453
943608
941378
941110
938845
938252
935518
935436
933378
933297
933084
932485
931768
923140
922503
922239
921795
919707
919405
918782
918608
918519
918448
916470
916109
915482
915421
912586
912476
912351
907080
906948
905516
904105
901718
901674
898765
898641
898364
897415
896826
896711
893560
892137
891429
889854
889448
889335
889313
889309
887426
885532
884917
883411
883121
881958
879390
879284
878967
878920
877265
876833
876616
875571
874490
874404