996396
995308
984577
983939
975075
967803
967522
959508
951303
950850
938708
926426
913723
913124
904145
897154
895614
891922
891579
879732
879329
873757
873715
855172
851273
837150
834060
833778
803926
797160
786715
782350
780875
773083
773037
772799
772705
765064
757010
740080
738475
717577
716805
697454
696704
696039
681788
677201
675202
662983
660833
632103
630796
608161
596602
586591
585988
554890
548733
547669
546773
545652
542697
528955
528933
525376
522463
514252
512481
504702
500322
492388
483054
480384
476735
469621
447446
443715
442980
440477
439441
434670
434595
426206
413699
404367
389459
386279
381664
381567
380508
377483
372822
363479
361163
359600
358458
343866
342842
340504